0.236456
0.369271
0.504242
0.704883
0.050544
0.369518
0.774763
0.556189
0.016493
0.639246
0.250451
0.422378
0.590690
0.836934
0.235076
0.980846
0.860887
0.326876
0.682603
0.531459
0.215942
0.104534
0.070545
0.318881
0.129815
0.707246
0.582887
0.379312
0.262948
0.750905
0.930701
0.177274
0.334151
0.983242
0.388585
0.548047
0.466123
0.994339
0.875047
0.711408
0.957730
0.974992
0.154958
0.372275
0.686164
0.163545
0.492200
0.173894
0.592115
0.871831
