0.620300
0.477200
0.771900
0.582900
0.977200
0.491900
0.196500
0.861200
0.166500
0.772200
0.629200
0.589200
0.715600
0.208300
0.338800
0.478500
0.896200
0.317400
0.074200
0.550500
0.305000
0.302500
0.150600
0.268000
0.182400
0.326900
0.686300
0.100700
0.014000
0.019600
0.038400
0.147400
0.172600
0.979000
0.844100
0.250400
0.270000
0.290000
0.410000
0.810000
0.610000
0.210000
0.410000
0.810000
0.610000
0.210000
0.410000
0.810000
0.610000
0.210000
