0.020403
0.016548
0.543156
0.634904
0.910030
0.112462
0.495889
0.548349
0.596100
0.783450
0.039854
0.743801
0.965809
0.073668
0.699607
0.460294
0.396484
0.959521
0.406125
0.952764
0.993678
0.663701
0.422896
0.499925
0.287285
0.423302
0.675319
0.155304
0.088769
0.852686
0.311563
0.007071
0.462667
0.291678
0.572984
0.962277
0.015465
0.779755
0.302248
0.321135
0.954988
0.546828
0.667262
0.656965
0.623416
0.161249
0.929064
0.767423
0.457067
0.725680
